 day | number_of_assignments | duration 
-----+-----------------------+----------
   1 |                  2062 |   110615
   2 |                  1728 |   112320
   3 |                  1728 |    81600
   4 |                  1728 |    72960
   5 |                  1344 |    77760
   6 |                  1152 |    60480
   7 |                  1344 |    63360
   8 |                  1726 |   109335
   9 |                  2267 |   103045
  10 |                  1629 |    84105
  11 |                  1253 |    69810
  12 |                  1611 |    69810
  13 |                   895 |    56385
  14 |                   895 |    56385
  15 |                  1568 |   114570
  16 |                  1449 |    91770
  17 |                  1449 |    70035
  18 |                   966 |    60375
  19 |                  1288 |    66010
  20 |                  1288 |    53935
  21 |                   644 |    50715
  22 |                  1610 |    89355
  23 |                  1610 |    89355
  24 |                  1610 |    72450
  25 |                  1288 |    59570
  26 |                  1127 |    62790
  27 |                   800 |    50400
  28 |                   967 |    60480
  29 |                  1638 |    89600
  30 |                  1870 |   107100
  31 |                  1513 |    80760
  32 |                  1334 |    62475
  33 |                  1328 |    60590
  34 |                  1162 |    54780
  35 |                   996 |    53120
  36 |                  1660 |    94620
  37 |                  1643 |    99420
  38 |                  1263 |    72490
  39 |                  1500 |    57000
  40 |                   906 |    57380
  41 |                   906 |    46055
  42 |                  1210 |    49920
  43 |                  1451 |    88755
  44 |                  1474 |    75040
  45 |                  1340 |    57620
  46 |                  1462 |    53170
  47 |                  1026 |    48800
  48 |                   630 |    39690
  49 |                   986 |    40605
  50 |                  1098 |    71370
  51 |                  1464 |    69540
(51 rows)

